<?xml version="1.0"?>
<opencv_storage>
<H type_id="opencv-matrix">
  <rows>3</rows>
  <cols>3</cols>
  <dt>d</dt>
  <data>
    3.5205069808270522e+001 -2.4746241385563298e+001
    5.3449829101562477e+002 -2.1861609991759430e+000
    1.2784808255424558e+001 3.9350225830078131e+002
    1.9352280662654486e-004 -4.1141791849844234e-002 1.</data></H>
</opencv_storage>
