第1幅图像的平均误差：0.0988413像素
第2幅图像的平均误差：0.0409631像素
第3幅图像的平均误差：0.0401877像素
第4幅图像的平均误差：0.0426048像素
第5幅图像的平均误差：0.0518786像素
第6幅图像的平均误差：0.0493717像素
第7幅图像的平均误差：0.0616127像素
第8幅图像的平均误差：0.0524875像素
第9幅图像的平均误差：0.0368292像素
第10幅图像的平均误差：0.0658915像素
第11幅图像的平均误差：0.0494158像素
第12幅图像的平均误差：0.0527899像素
第13幅图像的平均误差：0.0427039像素
第14幅图像的平均误差：0.0434958像素
第15幅图像的平均误差：0.0324135像素
第16幅图像的平均误差：0.0773306像素
第17幅图像的平均误差：0.0474239像素
第18幅图像的平均误差：0.0522519像素
第19幅图像的平均误差：0.0545087像素
第20幅图像的平均误差：0.0500133像素
第21幅图像的平均误差：0.0542794像素
第22幅图像的平均误差：0.0480042像素
第23幅图像的平均误差：0.0389033像素
第24幅图像的平均误差：0.0808189像素
第25幅图像的平均误差：0.0671188像素
第26幅图像的平均误差：0.0714595像素
总体平均误差：0.0539846像素

相机内参数矩阵：
[374.5742990054394, 0, 340.3901167260792;
 0, 375.4743867148292, 253.0896300849598;
 0, 0, 1]
畸变系数：
[-0.3773694263700767, 0.2154385442623309, -0.0008887122200039003, 0.001806850679409057, -0.07711345151485138]
第1幅图像的旋转向量：
[-1.93659, -2.15911, -0.314236]
第1幅图像的旋转矩阵：
[-0.1046825268508511, 0.9942311228101228, -0.02336756315587082;
 0.9463249537971627, 0.106808339591784, 0.3050591097057168;
 0.3057951117871559, 0.009821050319033742, -0.952046688234202]
第1幅图像的平移向量：
[-30.2814, -31.8376, 413.61]
第2幅图像的旋转向量：
[-2.06424, -2.31879, -0.269566]
第2幅图像的旋转矩阵：
[-0.1221984389093711, 0.9878834429939138, 0.09567572621413968;
 0.9834860593623131, 0.1075575105916537, 0.1455560131197426;
 0.1335017324535572, 0.1118824605280763, -0.9847129543466371]
第2幅图像的平移向量：
[-52.5924, -18.4195, 353.001]
第3幅图像的旋转向量：
[-2.22707, -2.34095, -0.0808432]
第3幅图像的旋转矩阵：
[-0.04827420827575057, 0.9938299549826141, 0.099858006161771;
 0.9983511000796673, 0.05111789358143359, -0.02611593240753634;
 -0.03105932686114242, 0.09843262434300948, -0.9946589046903872]
第3幅图像的平移向量：
[-78.2544, 16.2098, 360.289]
第4幅图像的旋转向量：
[-2.14552, -2.29766, 0.184671]
第4幅图像的旋转矩阵：
[-0.07158856671123404, 0.9946513378609351, -0.07445665321301362;
 0.993774990455908, 0.06473856101625641, -0.0906652472665479;
 -0.08536009290406743, -0.08048375493847326, -0.9930941645838086]
第4幅图像的平移向量：
[-131.31, -16.2992, 363.328]
第5幅图像的旋转向量：
[-1.89425, -2.21595, 0.451307]
第5幅图像的旋转矩阵：
[-0.1645904633826405, 0.9267358081640852, -0.3377435731882223;
 0.9850109290450787, 0.1365132336473205, -0.1054400621249038;
 -0.05160861386666946, -0.3500355394893677, -0.935313675762922]
第5幅图像的平移向量：
[-144.564, -48.4703, 395.016]
第6幅图像的旋转向量：
[-1.96688, -2.11151, 0.389084]
第6幅图像的旋转矩阵：
[-0.07313467406806251, 0.9363603738415135, -0.3433373992858038;
 0.9972378243543986, 0.06418384875892913, -0.03737853977079245;
 -0.01296306776438505, -0.3451227084065495, -0.9384680468808002]
第6幅图像的平移向量：
[-121.57, -65.9333, 405.36]
第7幅图像的旋转向量：
[-2.16346, -1.99549, 0.725483]
第7幅图像的旋转矩阵：
[0.02172617670012922, 0.9104576883235608, -0.4130311986018885;
 0.9631364304575728, -0.1298608479545135, -0.2355936681958578;
 -0.2681346482113789, -0.3926868446243809, -0.879716347743696]
第7幅图像的平移向量：
[-52.6228, 81.4093, 375.088]
第8幅图像的旋转向量：
[-2.16752, -1.95233, 0.537324]
第8幅图像的旋转矩阵：
[0.07509838588313633, 0.9229387678514747, -0.3775503452978801;
 0.9861509250378975, -0.1248853480998219, -0.1091329596267086;
 -0.1478735455875927, -0.3641259131492669, -0.9195356077328201]
第8幅图像的平移向量：
[-26.8541, 49.6532, 368.942]
第9幅图像的旋转向量：
[-2.16807, -1.92924, 0.509816]
第9幅图像的旋转矩阵：
[0.09146306116674596, 0.9208385545740282, -0.3790657790569096;
 0.987890095555863, -0.1318138746661724, -0.08184290774476327;
 -0.1253302339606658, -0.3669897258173646, -0.9217433881508781]
第9幅图像的平移向量：
[10.8988, 20.5489, 363.985]
第10幅图像的旋转向量：
[2.36931, 2.03779, -0.309231]
第10幅图像的旋转矩阵：
[0.138454983958993, 0.9792802753533726, -0.1477848426623565;
 0.9790372198569476, -0.1578469285997167, -0.1287263347820273;
 -0.1493865440784195, -0.1268640588798044, -0.9806065322099623]
第10幅图像的平移向量：
[35.5279, 16.323, 342.153]
第11幅图像的旋转向量：
[2.23601, 2.14947, -0.179262]
第11幅图像的旋转矩阵：
[0.03628440368024288, 0.9976012565032772, -0.05895061554090679;
 0.9935847836493932, -0.04233513598958183, -0.1048666484690551;
 -0.1071107826036106, -0.05476741078256513, -0.9927375337752753]
第11幅图像的平移向量：
[98.876, -13.1634, 332.62]
第12幅图像的旋转向量：
[2.194, 2.19385, -0.114584]
第12幅图像的旋转矩阵：
[-0.0009546817141975472, 0.9996576765434072, -0.02614609551466311;
 0.9969423075747342, -0.001091497037820077, -0.07813350114887332;
 -0.07813529260448913, -0.02614074142127074, -0.9965999888057179]
第12幅图像的平移向量：
[126.145, -86.5213, 340.71]
第13幅图像的旋转向量：
[2.17311, 2.21744, -0.101868]
第13幅图像的旋转矩阵：
[-0.02092695092851982, 0.9995653920743903, -0.02076269953560021;
 0.9972588554143302, 0.01939546804788039, -0.07140441944938311;
 -0.07097068424733638, -0.022200062756081, -0.9972313268199565]
第13幅图像的平移向量：
[130.079, -163.357, 340.301]
第14幅图像的旋转向量：
[2.16295, 2.2441, -0.0880219]
第14幅图像的旋转矩阵：
[-0.03743954947441863, 0.999052213471567, -0.02220258752296759;
 0.9977219190891763, 0.03612352111111516, -0.05697423445335735;
 -0.05611819940236738, -0.02428509790174423, -0.9981287400509711]
第14幅图像的平移向量：
[107.745, -189.243, 339.323]
第15幅图像的旋转向量：
[2.18738, 2.23001, -0.105941]
第15幅图像的旋转矩阵：
[-0.02035772114784029, 0.9991457520886778, -0.0359628874371453;
 0.9980552140516318, 0.01818944322457605, -0.05962326609244857;
 -0.05891818814269312, -0.03710674114402834, -0.9975729230826448]
第15幅图像的平移向量：
[26.8457, -190.636, 333.647]
第16幅图像的旋转向量：
[2.14707, 2.2713, -0.152847]
第16幅图像的旋转矩阵：
[-0.05839792954475287, 0.9966039595464382, -0.05805367896393199;
 0.9953964092159309, 0.05370287081825009, -0.07938507533478364;
 -0.07599783118561348, -0.06242234761877793, -0.9951521392092987]
第16幅图像的平移向量：
[-76.484, -161.456, 330.969]
第17幅图像的旋转向量：
[2.13722, 2.27454, -0.171159]
第17幅图像的旋转矩阵：
[-0.06493830069080064, 0.9958750078970025, -0.06337180563575964;
 0.9941438519363586, 0.05906691684807908, -0.09049365166243215;
 -0.08637718888995316, -0.06887719492115993, -0.9938787216050367]
第17幅图像的平移向量：
[-135.322, -139.876, 323]
第18幅图像的旋转向量：
[-2.12948, -2.31042, 0.196783]
第18幅图像的旋转矩阵：
[-0.08495060286740275, 0.9931944606812763, -0.07967533084019139;
 0.9923629416002028, 0.07715891996322188, -0.09624080843749105;
 -0.08943817535626238, -0.08724256038275277, -0.9921640733501714]
第18幅图像的平移向量：
[-214.811, -160.289, 319.22]
第19幅图像的旋转向量：
[-2.1864, -2.29454, 0.267831]
第19幅图像的旋转矩阵：
[-0.05458067606771488, 0.994668094080395, -0.08750047096139374;
 0.9880804723995696, 0.04117062279126693, -0.1483305763543802;
 -0.1439372427922481, -0.09455348982165464, -0.9850592407058124]
第19幅图像的平移向量：
[-231.398, -89.3809, 304.33]
第20幅图像的旋转向量：
[-2.15016, -2.33745, 0.19294]
第20幅图像的旋转矩阵：
[-0.08625560601303617, 0.994895871671082, -0.05236578045978468;
 0.9900168272576818, 0.07971424336257105, -0.116242510088894;
 -0.1114748948326825, -0.06186957197986238, -0.9918394546926791]
第20幅图像的平移向量：
[-216.577, -29.4207, 286.867]
第21幅图像的旋转向量：
[-2.23591, -2.14697, 0.182891]
第21幅图像的旋转矩阵：
[0.03727795921437871, 0.9932376961943972, -0.109951046449125;
 0.9975240685576812, -0.0435514249924569, -0.05521780536436884;
 -0.05963293054128753, -0.1076204080998253, -0.9924020159972898]
第21幅图像的平移向量：
[-181.63, 54.693, 293.618]
第22幅图像的旋转向量：
[-2.09174, -2.01094, 0.287798]
第22幅图像的旋转矩阵：
[0.04156536545741107, 0.9548423935661265, -0.2941909649246601;
 0.9990296791331261, -0.03542737647212457, 0.02616488500769482;
 0.01456092735904618, -0.2949930583000439, -0.9553884419173342]
第22幅图像的平移向量：
[-85.5473, 23.0335, 312.295]
第23幅图像的旋转向量：
[-2.11313, -1.91806, 0.331423]
第23幅图像的旋转矩阵：
[0.09842208859716761, 0.9338633237262728, -0.3438202801975032;
 0.9950892029123228, -0.08870533400627112, 0.04391858338054444;
 0.01051526145605544, -0.3464544072713671, -0.9380078746784359]
第23幅图像的平移向量：
[-31.5068, 19.4814, 295.555]
第24幅图像的旋转向量：
[-2.25228, -1.93237, 0.19163]
第24幅图像的旋转矩阵：
[0.1532117016218458, 0.9666034673673138, -0.2054359057215274;
 0.9881254345823325, -0.1474160644385124, 0.04332008168201841;
 0.01158878844464545, -0.2096335870487988, -0.9777113373401369]
第24幅图像的平移向量：
[-17.503, 1.22665, 280.81]
第25幅图像的旋转向量：
[-1.80757, -2.42339, 0.193314]
第25幅图像的旋转矩阵：
[-0.2839308895001045, 0.9444643404364446, -0.1654398973392785;
 0.958748003072887, 0.2820953318065679, -0.03499271890970208;
 0.01362044754883862, -0.1685506850086755, -0.9855988788506588]
第25幅图像的平移向量：
[-24.6896, -44.0582, 311.152]
第26幅图像的旋转向量：
[-1.88, -2.39016, 0.179158]
第26幅图像的旋转矩阵：
[-0.235408223711924, 0.9606908736673822, -0.1471598228491686;
 0.9718938611229261, 0.2330517337949304, -0.03330483578622535;
 0.002300200071136002, -0.1508639606644969, -0.988551857239798]
第26幅图像的平移向量：
[-60.0826, -29.2404, 280.852]

