<?xml version="1.0"?>
<opencv_storage>
<H type_id="opencv-matrix">
  <rows>3</rows>
  <cols>3</cols>
  <dt>d</dt>
  <data>
    1.7053053359130931e+01 -8.3569723371578917e+00
    2.7487982177734375e+02 -9.4202080785058229e-01
    1.1097252715125034e+01 2.0651985168457040e+02
    -3.5465583198283773e-03 -2.3096614901993832e-02
    2.4200000000000017e+01</data></H>
<Rect>
  221 173 405 305</Rect>
</opencv_storage>
