<?xml version="1.0"?>
<opencv_storage>
<H type_id="opencv-matrix">
  <rows>3</rows>
  <cols>3</cols>
  <dt>d</dt>
  <data>
    1.7229339092844913e+01 -7.9598106162960143e+00
    2.7444531250000006e+02 -1.0132506846104583e+00
    1.1167546077494546e+01 2.0759071350097656e+02
    -3.7783693627181369e-03 -2.3645119682781116e-02
    2.4600000000000023e+01</data></H>
<Rect>
  210 176 403 303</Rect>
</opencv_storage>
