<?xml version="1.0"?>
<opencv_storage>
<H type_id="opencv-matrix">
  <rows>3</rows>
  <cols>3</cols>
  <dt>d</dt>
  <data>
    -2.4028265290617583e+01 6.4522462534437377e+00
    3.8672488403320324e+02 1.0695371580334578e+00
    -1.8607120064165755e+01 2.7375860595703131e+02
    1.3007422360663025e-03 1.9856422991097161e-02 23.</data></H>
</opencv_storage>
