<?xml version="1.0"?>
<opencv_storage>
<H type_id="opencv-matrix">
  <rows>3</rows>
  <cols>3</cols>
  <dt>d</dt>
  <data>
    1.9662743993940950e+01 -1.0777312890151842e+01
    2.8570678710937500e+02 -7.9606949012354278e-01
    7.0240076281205628e+00 3.0556616210937483e+02 9.2719495096715843e-04
    -3.4773987140253787e-02 1.</data></H>
</opencv_storage>
