<?xml version="1.0"?>
<opencv_storage>
<intrinsic_matrix type_id="opencv-matrix">
  <rows>3</rows>
  <cols>3</cols>
  <dt>d</dt>
  <data>
    5.3567429809447378e+002 0. 6.6628523608330408e+002 0.
    5.3698507334557553e+002 3.8327468719012660e+002 0. 0. 1.</data></intrinsic_matrix>
<distortion_coeffs type_id="opencv-matrix">
  <rows>1</rows>
  <cols>5</cols>
  <dt>d</dt>
  <data>
    -3.1537744647439997e-001 1.0873404640801165e-001
    -6.0383762183547859e-004 -1.4640339570691708e-004
    -1.7875769661906429e-002</data></distortion_coeffs>
</opencv_storage>
