<?xml version="1.0"?>
<opencv_storage>
<intrinsic_matrix type_id="opencv-matrix">
  <rows>3</rows>
  <cols>3</cols>
  <dt>d</dt>
  <data>
    3.5273003603810957e+002 0. 3.5178824844215870e+002 0.
    3.5372492911188567e+002 2.2774643978427440e+002 0. 0. 1.</data></intrinsic_matrix>
<distortion_coeffs type_id="opencv-matrix">
  <rows>1</rows>
  <cols>5</cols>
  <dt>d</dt>
  <data>
    -3.2025054111114593e-001 1.5622393635912971e-001
    -5.6782796452822335e-003 -1.0366189094720042e-003
    -5.1521333860514981e-002</data></distortion_coeffs>
</opencv_storage>
