<?xml version="1.0"?>
<opencv_storage>
<intrinsic_matrix type_id="opencv-matrix">
  <rows>3</rows>
  <cols>3</cols>
  <dt>d</dt>
  <data>
    3.8001540112735654e+002 0. 3.3537329273515473e+002 0.
    3.8049461582777991e+002 2.1840967170625532e+002 0. 0. 1.</data></intrinsic_matrix>
<distortion_coeffs type_id="opencv-matrix">
  <rows>1</rows>
  <cols>5</cols>
  <dt>d</dt>
  <data>
    -3.3952777659215422e-001 1.4683720858099383e-001
    7.8967831281986966e-004 7.3958946332613128e-004
    -3.6260822862849741e-002</data></distortion_coeffs>
</opencv_storage>
