<?xml version="1.0"?>
<opencv_storage>
<intrinsic_matrix type_id="opencv-matrix">
  <rows>3</rows>
  <cols>3</cols>
  <dt>d</dt>
  <data>
    8.6771477677306598e+002 0. 7.2008394814301619e+002 0.
    8.6904237516810554e+002 3.2496460506324513e+002 0. 0. 1.</data></intrinsic_matrix>
<distortion_coeffs type_id="opencv-matrix">
  <rows>1</rows>
  <cols>5</cols>
  <dt>d</dt>
  <data>
    -3.6429580402283768e-001 1.7508526310021741e-001
    7.5397489655280121e-004 -1.6010125805464366e-003
    -5.0154451505917637e-002</data></distortion_coeffs>
</opencv_storage>
