<?xml version="1.0"?>
<opencv_storage>
<H type_id="opencv-matrix">
  <rows>3</rows>
  <cols>3</cols>
  <dt>d</dt>
  <data>
    2.5881206951297486e+001 -2.3858681498466833e+001
    5.6867980957031284e+002 -1.6866921529233352e+000
    6.2998840208514935e+000 5.1927636718750011e+002
    -3.6484169170888439e-003 -3.6749939660868369e-002 1.</data></H>
</opencv_storage>
