<?xml version="1.0"?>
<opencv_storage>
<H type_id="opencv-matrix">
  <rows>3</rows>
  <cols>3</cols>
  <dt>d</dt>
  <data>
    2.9438463325547975e+001 -2.6942603246971114e+001
    5.6138403320312500e+002 -3.8128552253617443e-001
    5.6351370580478921e+000 5.6813970947265670e+002
    -6.3875067361124360e-004 -4.3492533238383493e-002 1.</data></H>
</opencv_storage>
