<?xml version="1.0"?>
<opencv_storage>
<intrinsic_matrix type_id="opencv-matrix">
  <rows>3</rows>
  <cols>3</cols>
  <dt>d</dt>
  <data>
    6.7353115264976452e+002 0. 6.7939172574028726e+002 0.
    6.7482689975707035e+002 3.1495068282076465e+002 0. 0. 1.</data></intrinsic_matrix>
<distortion_coeffs type_id="opencv-matrix">
  <rows>1</rows>
  <cols>5</cols>
  <dt>d</dt>
  <data>
    -2.2791640576379693e-001 7.6635579021446423e-002
    3.5538097793749029e-003 -6.7837437179519739e-005
    -1.7760064306629349e-002</data></distortion_coeffs>
</opencv_storage>
