<?xml version="1.0"?>
<opencv_storage>
<intrinsic_matrix type_id="opencv-matrix">
  <rows>3</rows>
  <cols>3</cols>
  <dt>d</dt>
  <data>
    4.0482236247504289e+002 0. 3.5249169885303058e+002 0.
    4.0486724293861323e+002 2.2591911560596691e+002 0. 0. 1.</data></intrinsic_matrix>
<distortion_coeffs type_id="opencv-matrix">
  <rows>1</rows>
  <cols>5</cols>
  <dt>d</dt>
  <data>
    -4.2543663628969974e-001 2.4149413534730804e-001
    -5.0159583950326308e-003 -2.4018464155947883e-004
    -7.6225944049365280e-002</data></distortion_coeffs>
</opencv_storage>
