<?xml version="1.0"?>
<opencv_storage>
<intrinsic_matrix type_id="opencv-matrix">
  <rows>3</rows>
  <cols>3</cols>
  <dt>d</dt>
  <data>
    8.1121731906624291e+002 0. 6.0111577858252747e+002 0.
    8.1251699484439507e+002 3.0350340461826721e+002 0. 0. 1.</data></intrinsic_matrix>
<distortion_coeffs type_id="opencv-matrix">
  <rows>1</rows>
  <cols>5</cols>
  <dt>d</dt>
  <data>
    -6.9637858611786352e-001 5.3521796693774026e-001
    -7.1457548618186566e-004 -2.4333767488348072e-003
    -1.9425683112536565e-001</data></distortion_coeffs>
</opencv_storage>
